1,6
1,68
1,95
1,142
1,273
1,298
1,367
1,374
1,387
1,410
1,415
1,554
1,578
1,635
1,725
1,747
1,748
1,848
1,856
1,897
1,946
1,951
1,955
1,1021
1,1058
1,1084
7,62
7,78
7,180
7,225
7,370
7,394
7,397
7,501
7,528
7,609
7,761
7,763
7,1003
7,1089
7,1121
7,1123
7,1151
7,1227
8,62
8,78
8,79
8,134
8,139
8,180
8,202
8,386
8,394
8,501
8,506
8,521
8,528
8,761
8,797
8,819
8,863
8,905
8,931
8,1003
8,1052
8,1089
8,1123
8,1147
8,1151
8,1199
9,62
9,74
9,78
9,134
9,180
9,277
9,357
9,382
9,386
9,394
9,436
9,501
9,506
9,678
9,699
9,724
9,761
9,801
9,819
9,863
9,936
9,1093
9,1123
9,1151
9,1168
9,1194
9,1199
9,1202
9,1216
13,45
13,84
13,146
13,163
13,164
13,189
13,212
13,279
13,284
13,299
13,303
13,444
13,471
13,490
13,502
13,533
13,546
13,549
13,550
13,591
13,602
13,631
13,658
13,707
13,758
13,785
13,871
13,1070
13,1112
13,1189
13,1228
25,62
25,69
25,78
25,151
25,180
25,221
25,225
25,297
25,370
25,394
25,473
25,501
25,528
25,641
25,761
25,863
25,1071
25,1116
25,1123
25,1151
25,1227
36,6
36,43
36,95
36,220
36,298
36,361
36,367
36,374
36,387
36,410
36,415
36,468
36,494
36,554
36,635
36,774
36,848
36,856
36,872
36,946
36,1021
36,1052
36,1058
36,1084
36,1134
41,36
41,43
41,68
41,95
41,142
41,220
41,254
41,273
41,298
41,324
41,331
41,367
41,374
41,387
41,410
41,415
41,468
41,494
41,554
41,578
41,695
41,848
41,897
41,946
41,955
41,1021
41,1052
41,1084
41,1134
43,445
43,564
43,792
43,859
43,886
43,933
43,974
43,1064
43,1176
43,1204
50,62
50,78
50,134
50,180
50,357
50,386
50,394
50,448
50,501
50,506
50,521
50,528
50,557
50,598
50,761
50,819
50,863
50,931
50,1052
50,1119
50,1123
50,1147
50,1151
50,1199
59,2
59,48
59,62
59,78
59,126
59,225
59,370
59,385
59,394
59,454
59,501
59,560
59,594
59,610
59,683
59,686
59,698
59,727
59,761
59,863
59,1034
59,1123
59,1131
59,1151
59,1165
59,1227
62,78
62,80
62,225
62,370
62,394
62,441
62,501
62,538
62,761
62,863
62,969
62,1052
62,1123
62,1151
62,1227
63,85
63,88
63,99
63,106
63,143
63,166
63,193
63,223
63,228
63,259
63,289
63,372
63,437
63,438
63,447
63,467
63,477
63,492
63,523
63,531
63,556
63,569
63,585
63,611
63,629
63,642
63,680
63,682
63,735
63,799
63,847
63,874
63,876
63,900
63,909
63,922
63,1009
63,1049
63,1099
63,1100
63,1174
68,43
68,95
68,142
68,220
68,227
68,273
68,298
68,331
68,367
68,374
68,387
68,410
68,415
68,468
68,479
68,494
68,497
68,554
68,578
68,848
68,861
68,897
68,946
68,955
68,1021
68,1052
68,1084
68,1134
68,1226
78,11
78,62
78,171
78,225
78,249
78,261
78,300
78,370
78,394
78,499
78,501
78,528
78,586
78,666
78,755
78,761
78,771
78,863
78,939
78,969
78,1052
78,1060
78,1071
78,1123
78,1151
78,1166
78,1221
78,1227
79,8
79,62
79,78
79,134
79,139
79,167
79,180
79,202
79,250
79,357
79,386
79,394
79,486
79,501
79,506
79,521
79,528
79,659
79,662
79,761
79,797
79,819
79,835
79,863
79,905
79,931
79,1052
79,1089
79,1123
79,1147
79,1151
79,1199
81,52
81,62
81,78
81,180
81,301
81,357
81,394
81,501
81,506
81,528
81,594
81,601
81,683
81,761
81,819
81,863
81,930
81,943
81,1019
81,1057
81,1089
81,1113
81,1123
81,1151
81,1199
84,124
84,150
84,162
84,189
84,216
84,242
84,252
84,284
84,299
84,351
84,380
84,393
84,411
84,444
84,471
84,490
84,502
84,530
84,535
84,546
84,549
84,591
84,650
84,718
84,750
84,775
84,779
84,842
84,904
84,963
84,982
84,994
84,1070
84,1112
91,47
91,62
91,78
91,134
91,160
91,171
91,180
91,317
91,357
91,386
91,394
91,462
91,501
91,506
91,521
91,528
91,581
91,622
91,640
91,761
91,766
91,814
91,819
91,863
91,929
91,931
91,939
91,1052
91,1123
91,1145
91,1147
91,1151
91,1184
91,1199
95,41
95,43
95,135
95,220
95,254
95,273
95,290
95,362
95,367
95,374
95,387
95,410
95,415
95,439
95,463
95,468
95,494
95,554
95,559
95,578
95,689
95,741
95,765
95,848
95,856
95,946
95,1021
95,1052
95,1084
95,1134
95,1163
98,57
98,117
98,156
98,157
98,237
98,329
98,352
98,360
98,401
98,402
98,566
98,575
98,654
98,660
98,690
98,714
98,722
98,820
98,912
98,948
98,999
98,1006
98,1052
98,1074
102,53
102,129
102,190
102,287
102,413
102,442
102,466
102,467
102,498
102,644
102,688
102,692
102,701
102,708
102,713
102,723
102,759
102,794
102,800
102,902
102,916
102,927
102,970
102,1026
102,1090
102,1109
102,1111
102,1158
102,1190
102,1197
102,1206
103,358
106,22
106,73
106,97
106,99
106,143
106,154
106,186
106,199
106,223
106,232
106,259
106,283
106,306
106,321
106,417
106,434
106,438
106,447
106,452
106,467
106,492
106,511
106,515
106,517
106,531
106,556
106,563
106,574
106,611
106,629
106,642
106,684
106,735
106,799
106,812
106,847
106,870
106,874
106,876
106,900
106,1032
106,1043
106,1049
106,1099
106,1118
106,1130
106,1162
106,1179
117,57
117,156
117,157
117,173
117,206
117,326
117,329
117,352
117,404
117,431
117,460
117,544
117,545
117,566
117,575
117,613
117,654
117,660
117,690
117,721
117,722
117,738
117,820
117,858
117,948
117,960
117,975
117,1005
117,1006
117,1052
117,1059
117,1074
117,1114
117,1117
131,15
131,84
131,183
131,189
131,255
131,257
131,305
131,318
131,525
131,591
131,650
131,658
131,677
131,707
131,718
131,737
131,753
131,775
131,849
131,881
131,915
131,919
131,994
134,62
134,78
134,79
134,180
134,185
134,202
134,357
134,394
134,506
134,521
134,539
134,580
134,683
134,761
134,797
134,819
134,863
134,923
134,930
134,1147
134,1150
134,1151
134,1227
135,43
135,68
135,95
135,142
135,220
135,273
135,298
135,331
135,367
135,374
135,387
135,410
135,415
135,468
135,479
135,494
135,554
135,578
135,848
135,897
135,946
135,955
135,1021
135,1052
135,1084
135,1134
135,1163
140,55
140,62
140,78
140,180
140,225
140,357
140,394
140,448
140,501
140,506
140,528
140,538
140,761
140,819
140,863
140,931
140,1052
140,1089
140,1113
140,1119
140,1123
140,1147
140,1151
140,1199
154,85
154,88
154,99
154,106
154,114
154,143
154,166
154,174
154,186
154,199
154,240
154,283
154,346
154,356
154,366
154,372
154,432
154,434
154,437
154,438
154,447
154,452
154,467
154,477
154,492
154,500
154,515
154,517
154,523
154,531
154,556
154,563
154,585
154,611
154,642
154,657
154,684
154,735
154,746
154,812
154,847
154,851
154,870
154,909
154,920
154,922
154,931
154,1023
154,1032
154,1043
154,1049
154,1086
154,1118
154,1130
154,1162
154,1179
154,1183
156,57
156,117
156,157
156,237
156,329
156,352
156,566
156,575
156,654
156,660
156,690
156,722
156,820
156,948
156,995
156,1006
156,1052
156,1074
156,1137
157,57
157,105
157,155
157,156
157,215
157,269
157,329
157,334
157,335
157,489
157,566
157,575
157,625
157,652
157,654
157,660
157,722
157,820
157,855
157,891
157,918
157,948
157,1006
157,1052
157,1081
157,1222
166,58
166,88
166,259
166,356
166,366
166,372
166,437
166,447
166,467
166,492
166,523
166,531
166,556
166,615
166,629
166,789
166,798
166,847
166,851
166,909
166,922
166,1049
166,1099
166,1174
169,62
169,78
169,101
169,134
169,180
169,386
169,394
169,406
169,501
169,506
169,521
169,580
169,594
169,609
169,683
169,761
169,776
169,819
169,863
169,930
169,931
169,1052
169,1089
169,1094
169,1121
169,1123
169,1147
169,1151
169,1199
171,62
171,78
171,91
171,180
171,205
171,211
171,218
171,225
171,348
171,350
171,357
171,364
171,384
171,386
171,394
171,440
171,483
171,501
171,506
171,521
171,528
171,581
171,592
171,622
171,640
171,761
171,793
171,815
171,819
171,829
171,846
171,863
171,867
171,929
171,931
171,939
171,1052
171,1054
171,1071
171,1098
171,1113
171,1123
171,1147
171,1151
171,1184
171,1199
171,1227
180,7
180,25
180,62
180,78
180,134
180,169
180,267
180,307
180,337
180,386
180,394
180,462
180,501
180,506
180,510
180,516
180,609
180,641
180,761
180,819
180,863
180,966
180,1071
180,1094
180,1121
180,1123
180,1145
180,1151
180,1184
180,1199
185,62
185,78
185,180
185,225
185,350
185,357
185,386
185,394
185,501
185,506
185,521
185,528
185,659
185,662
185,761
185,793
185,819
185,863
185,931
185,1052
185,1089
185,1113
185,1123
185,1147
185,1151
185,1199
185,1227
187,62
187,78
187,134
187,180
187,357
187,391
187,394
187,506
187,536
187,641
187,761
187,819
187,863
187,958
187,1037
187,1151
187,1184
187,1227
189,13
189,15
189,31
189,84
189,103
189,162
189,262
189,284
189,388
189,393
189,433
189,465
189,471
189,502
189,529
189,530
189,547
189,550
189,587
189,591
189,623
189,637
189,650
189,651
189,790
189,795
189,868
189,937
189,1039
189,1070
189,1078
189,1136
189,1161
189,1188
189,1193
189,1196
191,41
191,43
191,220
191,254
191,273
191,362
191,367
191,374
191,387
191,410
191,415
191,439
191,463
191,468
191,494
191,554
191,578
191,635
191,741
191,848
191,856
191,946
191,1021
191,1052
191,1084
191,1134
194,62
194,78
194,134
194,180
194,357
194,386
194,394
194,501
194,506
194,521
194,528
194,594
194,683
194,761
194,819
194,863
194,931
194,1052
194,1123
194,1147
194,1151
194,1199
194,1225
199,22
199,73
199,97
199,99
199,143
199,154
199,186
199,193
199,223
199,232
199,259
199,283
199,306
199,321
199,417
199,434
199,438
199,447
199,452
199,467
199,492
199,500
199,511
199,515
199,517
199,531
199,563
199,574
199,611
199,629
199,642
199,684
199,799
199,812
199,847
199,870
199,874
199,876
199,900
199,1032
199,1043
199,1049
199,1099
199,1118
199,1130
199,1162
199,1179
199,1213
202,62
202,78
202,79
202,203
202,225
202,370
202,394
202,501
202,528
202,538
202,662
202,761
202,863
202,896
202,969
202,1003
202,1052
202,1123
202,1151
202,1227
203,5
203,19
203,39
203,70
203,188
203,243
203,251
203,292
203,304
203,363
203,375
203,381
203,469
203,470
203,507
203,520
203,543
203,558
203,568
203,634
203,717
203,756
203,778
203,787
203,809
203,810
203,852
203,950
203,973
203,1010
203,1115
203,1159
207,15
207,23
207,45
207,72
207,84
207,118
207,153
207,172
207,177
207,178
207,189
207,210
207,263
207,284
207,314
207,315
207,342
207,379
207,396
207,399
207,405
207,428
207,444
207,457
207,465
207,471
207,485
207,502
207,513
207,518
207,519
207,549
207,582
207,591
207,599
207,612
207,653
207,658
207,681
207,719
207,730
207,745
207,785
207,790
207,808
207,822
207,845
207,866
207,871
207,882
207,915
207,921
207,962
207,979
207,1022
207,1045
207,1051
207,1069
207,1070
207,1092
209,41
209,43
209,220
209,254
209,273
209,362
209,367
209,374
209,387
209,410
209,415
209,439
209,463
209,468
209,494
209,554
209,578
209,635
209,741
209,848
209,856
209,946
209,955
209,1021
209,1052
209,1084
209,1134
212,13
212,84
212,162
212,189
212,258
212,284
212,299
212,333
212,380
212,393
212,411
212,444
212,471
212,490
212,502
212,530
212,549
212,550
212,587
212,591
212,602
212,650
212,718
212,775
212,783
212,904
212,994
212,1070
212,1106
212,1112
219,27
219,57
219,96
219,156
219,157
219,237
219,269
219,281
219,293
219,329
219,347
219,352
219,359
219,383
219,426
219,460
219,476
219,565
219,575
219,579
219,597
219,617
219,618
219,639
219,660
219,670
219,690
219,742
219,791
219,836
219,855
219,948
219,959
219,1006
219,1046
219,1052
219,1074
219,1081
219,1083
219,1097
219,1140
219,1156
220,41
220,43
220,254
220,273
220,290
220,362
220,367
220,374
220,387
220,410
220,415
220,439
220,463
220,468
220,494
220,554
220,578
220,635
220,741
220,848
220,856
220,885
220,946
220,1021
220,1052
220,1084
220,1134
231,15
231,84
231,189
231,305
231,450
231,591
231,650
231,658
231,677
231,737
231,753
231,849
231,881
231,915
231,919
232,58
232,73
232,88
232,106
232,186
232,223
232,259
232,289
232,341
232,372
232,434
232,437
232,438
232,447
232,467
232,477
232,523
232,531
232,556
232,569
232,585
232,642
232,735
232,870
232,874
232,876
232,900
232,909
232,922
232,1009
232,1049
232,1099
232,1100
232,1162
232,1174
232,1179
250,62
250,78
250,137
250,139
250,180
250,225
250,357
250,394
250,501
250,506
250,528
250,621
250,641
250,761
250,819
250,863
250,945
250,1113
250,1122
250,1123
250,1151
250,1155
250,1199
254,41
254,43
254,220
254,273
254,311
254,362
254,367
254,374
254,387
254,410
254,415
254,419
254,439
254,463
254,468
254,478
254,494
254,554
254,559
254,578
254,741
254,848
254,856
254,946
254,955
254,1021
254,1052
254,1084
254,1134
266,28
266,62
266,78
266,134
266,180
266,253
266,386
266,394
266,403
266,424
266,429
266,459
266,501
266,506
266,649
266,761
266,819
266,863
266,879
266,996
266,1123
266,1151
266,1199
267,62
267,78
267,101
267,134
267,180
267,386
267,394
267,501
267,506
267,521
267,528
267,598
267,609
267,761
267,776
267,819
267,863
267,931
267,1052
267,1094
267,1121
267,1123
267,1147
267,1151
267,1199
272,15
272,38
272,120
272,162
272,164
272,168
272,210
272,258
272,265
272,296
272,333
272,458
272,471
272,490
272,533
272,591
272,650
272,658
272,672
272,718
272,737
272,785
272,804
272,881
272,1070
272,1112
272,1189
273,41
273,43
273,135
273,142
273,209
273,220
273,254
273,290
273,362
273,367
273,374
273,387
273,410
273,415
273,439
273,463
273,468
273,494
273,554
273,578
273,741
273,848
273,856
273,946
273,955
273,1021
273,1052
273,1084
273,1134
283,40
283,63
283,88
283,99
283,106
283,143
283,154
283,166
283,186
283,199
283,223
283,228
283,232
283,259
283,289
283,294
283,341
283,356
283,366
283,389
283,432
283,437
283,438
283,447
283,452
283,467
283,477
283,492
283,500
283,517
283,523
283,531
283,556
283,562
283,585
283,611
283,642
283,684
283,709
283,812
283,847
283,851
283,870
283,874
283,909
283,920
283,931
283,1009
283,1032
283,1049
283,1099
283,1118
283,1130
283,1162
283,1174
283,1179
283,1183
283,1192
284,3
284,14
284,15
284,84
284,111
284,179
284,189
284,216
284,239
284,371
284,396
284,435
284,471
284,502
284,518
284,551
284,591
284,599
284,636
284,653
284,658
284,718
284,743
284,785
284,871
284,878
284,915
284,972
284,980
284,1007
284,1042
284,1070
284,1076
284,1153
290,43
290,68
290,95
290,142
290,220
290,254
290,273
290,298
290,331
290,367
290,374
290,387
290,410
290,415
290,468
290,479
290,494
290,554
290,578
290,695
290,848
290,897
290,946
290,955
290,1021
290,1025
290,1052
290,1084
290,1134
300,62
300,78
300,134
300,171
300,175
300,180
300,357
300,506
300,521
300,761
300,819
300,863
300,952
300,1017
300,1037
300,1145
300,1147
300,1151
300,1184
300,1221
300,1227
309,25
309,62
309,78
309,102
309,129
309,180
309,225
309,337
309,370
309,394
309,413
309,528
309,538
309,576
309,606
309,761
309,800
309,969
309,1003
309,1026
309,1052
309,1071
309,1123
309,1151
309,1227
312,62
312,78
312,134
312,171
312,180
312,196
312,276
312,357
312,378
312,483
312,506
312,527
312,640
312,641
312,761
312,767
312,819
312,863
312,867
312,929
312,964
312,1031
312,1037
312,1151
312,1167
312,1171
312,1184
312,1227
320,57
320,117
320,156
320,157
320,176
320,224
320,329
320,352
320,409
320,460
320,566
320,570
320,575
320,654
320,660
320,670
320,690
320,722
320,820
320,844
320,948
320,949
320,1006
320,1013
320,1052
320,1074
320,1075
320,1152
324,43
324,220
324,254
324,273
324,362
324,367
324,374
324,387
324,410
324,415
324,439
324,463
324,468
324,494
324,554
324,578
324,741
324,848
324,850
324,856
324,946
324,955
324,1021
324,1052
324,1084
324,1134
331,6
331,43
331,68
331,95
331,142
331,161
331,220
331,273
331,298
331,324
331,361
331,374
331,387
331,410
331,415
331,494
331,554
331,578
331,635
331,725
331,774
331,848
331,872
331,946
331,955
331,1021
331,1084
331,1096
331,1134
331,1185
331,1201
336,62
336,78
336,137
336,139
336,180
336,357
336,394
336,501
336,506
336,538
336,662
336,761
336,819
336,835
336,863
336,931
336,1052
336,1089
336,1113
336,1123
336,1147
336,1151
336,1155
336,1199
352,42
352,116
352,123
352,152
352,156
352,281
352,344
352,360
352,412
352,488
352,509
352,561
352,663
352,696
352,875
352,912
352,981
352,999
352,1006
352,1035
352,1052
352,1133
352,1224
361,6
361,68
361,95
361,142
361,298
361,374
361,387
361,410
361,421
361,468
361,554
361,635
361,725
361,748
361,856
361,872
361,885
361,1021
361,1058
361,1084
361,1107
361,1209
382,9
382,62
382,74
382,78
382,81
382,225
382,270
382,277
382,370
382,394
382,436
382,528
382,539
382,540
382,580
382,594
382,683
382,700
382,724
382,727
382,733
382,761
382,863
382,936
382,1019
382,1033
382,1089
382,1093
382,1123
382,1149
382,1151
382,1221
382,1227
386,9
386,17
386,62
386,78
386,81
386,91
386,109
386,171
386,180
386,187
386,266
386,312
386,319
386,357
386,368
386,382
386,394
386,397
386,449
386,459
386,501
386,506
386,538
386,540
386,552
386,581
386,593
386,622
386,686
386,687
386,698
386,703
386,761
386,803
386,815
386,819
386,857
386,863
386,867
386,917
386,929
386,931
386,996
386,1019
386,1052
386,1091
386,1113
386,1121
386,1123
386,1131
386,1145
386,1147
386,1151
386,1165
386,1180
386,1194
386,1199
387,6
387,43
387,56
387,66
387,95
387,112
387,220
387,254
387,273
387,298
387,331
387,361
387,410
387,415
387,421
387,439
387,463
387,479
387,494
387,554
387,578
387,635
387,648
387,748
387,872
387,897
387,946
387,1052
387,1073
387,1084
387,1139
388,15
388,31
388,64
388,84
388,164
388,189
388,255
388,305
388,318
388,322
388,333
388,591
388,605
388,650
388,658
388,677
388,707
388,737
388,753
388,762
388,881
388,994
388,1189
397,62
397,78
397,180
397,357
397,394
397,400
397,462
397,501
397,506
397,528
397,609
397,761
397,819
397,863
397,1020
397,1089
397,1113
397,1121
397,1123
397,1145
397,1151
397,1199
397,1221
410,13
410,84
410,90
410,103
410,107
410,131
410,162
410,189
410,207
410,212
410,231
410,247
410,272
410,284
410,388
410,393
410,398
410,425
410,465
410,471
410,502
410,591
410,646
410,650
410,702
410,790
410,808
410,818
410,831
410,840
410,888
410,911
410,971
410,1015
410,1041
410,1070
410,1078
410,1146
410,1161
410,1188
410,1218
421,6
421,43
421,68
421,95
421,142
421,273
421,361
421,374
421,387
421,410
421,415
421,468
421,554
421,635
421,748
421,856
421,872
421,946
421,1001
421,1021
421,1058
421,1084
422,21
422,57
422,156
422,237
422,268
422,329
422,334
422,352
422,412
422,430
422,566
422,584
422,589
422,667
422,716
422,751
422,838
422,841
422,853
422,912
422,976
422,993
422,999
422,1006
422,1052
422,1074
422,1223
437,40
437,63
437,88
437,99
437,106
437,143
437,154
437,166
437,186
437,197
437,199
437,223
437,228
437,232
437,259
437,283
437,289
437,294
437,341
437,356
437,366
437,389
437,432
437,438
437,447
437,467
437,477
437,492
437,500
437,517
437,523
437,531
437,556
437,562
437,585
437,611
437,642
437,684
437,709
437,812
437,827
437,847
437,851
437,870
437,874
437,909
437,920
437,931
437,1009
437,1032
437,1049
437,1099
437,1118
437,1130
437,1162
437,1174
437,1179
437,1183
437,1192
439,71
439,113
439,271
439,328
439,481
439,614
439,624
439,632
439,665
439,671
439,705
439,757
439,816
439,826
439,828
439,843
439,864
439,954
439,985
439,1008
439,1028
439,1080
439,1101
439,1110
439,1164
441,62
441,78
441,80
441,127
441,180
441,203
441,225
441,370
441,394
441,501
441,528
441,538
441,598
441,761
441,782
441,1052
441,1089
441,1123
441,1151
441,1227
449,62
449,78
449,110
449,119
449,134
449,180
449,238
449,357
449,386
449,394
449,420
449,501
449,506
449,601
449,616
449,656
449,673
449,761
449,819
449,839
449,863
449,990
449,1123
449,1151
449,1199
449,1202
452,22
452,73
452,85
452,97
452,99
452,143
452,154
452,186
452,199
452,223
452,232
452,259
452,283
452,306
452,321
452,417
452,434
452,438
452,447
452,467
452,492
452,500
452,511
452,515
452,517
452,531
452,563
452,574
452,611
452,619
452,629
452,642
452,684
452,781
452,799
452,812
452,847
452,870
452,874
452,876
452,900
452,1032
452,1043
452,1049
452,1099
452,1118
452,1130
452,1162
452,1179
452,1213
459,17
459,62
459,78
459,104
459,121
459,160
459,225
459,309
459,357
459,370
459,394
459,424
459,484
459,505
459,528
459,649
459,761
459,863
459,917
459,939
459,996
459,1052
459,1123
459,1151
459,1212
459,1221
462,62
462,78
462,134
462,137
462,139
462,180
462,250
462,357
462,386
462,394
462,501
462,506
462,521
462,528
462,675
462,761
462,819
462,863
462,931
462,1052
462,1123
462,1147
462,1151
462,1199
474,57
474,117
474,156
474,157
474,237
474,246
474,295
474,329
474,347
474,352
474,418
474,460
474,537
474,565
474,566
474,575
474,654
474,660
474,667
474,690
474,722
474,732
474,820
474,855
474,877
474,898
474,948
474,993
474,1006
474,1052
474,1066
474,1074
477,22
477,73
477,85
477,99
477,106
477,143
477,154
477,166
477,174
477,186
477,199
477,283
477,366
477,372
477,432
477,434
477,437
477,438
477,447
477,452
477,467
477,492
477,511
477,515
477,517
477,523
477,531
477,556
477,563
477,585
477,611
477,642
477,684
477,735
477,746
477,812
477,847
477,851
477,870
477,876
477,920
477,922
477,931
477,1023
477,1032
477,1043
477,1049
477,1086
477,1099
477,1118
477,1130
477,1162
477,1179
477,1183
480,192
480,230
480,316
480,353
480,764
480,784
480,817
480,873
480,928
480,941
480,1148
480,1203
480,1207
492,22
492,73
492,85
492,97
492,99
492,143
492,154
492,186
492,193
492,199
492,223
492,232
492,259
492,283
492,306
492,321
492,372
492,417
492,434
492,438
492,447
492,452
492,467
492,511
492,515
492,517
492,531
492,556
492,563
492,574
492,611
492,629
492,642
492,684
492,735
492,799
492,812
492,847
492,870
492,874
492,876
492,884
492,900
492,1032
492,1043
492,1049
492,1099
492,1100
492,1118
492,1130
492,1162
492,1179
492,1213
497,43
497,68
497,95
497,142
497,220
497,254
497,273
497,298
497,331
497,367
497,374
497,387
497,410
497,415
497,468
497,479
497,494
497,554
497,578
497,695
497,848
497,897
497,946
497,955
497,1021
497,1052
497,1084
497,1134
499,62
499,78
499,134
499,171
499,180
499,337
499,357
499,386
499,394
499,462
499,501
499,506
499,521
499,606
499,761
499,819
499,863
499,931
499,1017
499,1052
499,1071
499,1089
499,1123
499,1145
499,1147
499,1151
499,1184
499,1199
501,62
501,78
501,79
501,134
501,160
501,180
501,202
501,309
501,357
501,373
501,386
501,394
501,506
501,508
501,521
501,761
501,797
501,819
501,833
501,863
501,931
501,939
501,987
501,1003
501,1052
501,1089
501,1123
501,1145
501,1147
501,1151
501,1199
502,15
502,67
502,77
502,120
502,162
502,210
502,265
502,458
502,465
502,471
502,490
502,591
502,650
502,658
502,704
502,737
502,785
502,804
502,881
502,893
502,1014
502,1051
502,1055
502,1070
502,1177
502,1181
506,62
506,78
506,134
506,180
506,357
506,386
506,394
506,501
506,521
506,761
506,819
506,863
506,931
506,1052
506,1123
506,1147
506,1151
506,1199
510,87
510,138
510,307
516,908
516,1120
517,85
517,94
517,106
517,166
517,174
517,366
517,372
517,432
517,434
517,437
517,447
517,452
517,492
517,515
517,611
517,684
517,746
517,847
517,851
517,876
517,920
517,922
517,931
517,1032
517,1049
517,1086
517,1162
521,234
521,236
521,330
521,464
521,607
521,679
521,720
521,854
521,901
523,472
523,492
523,935
540,9
540,25
540,46
540,62
540,74
540,78
540,81
540,160
540,225
540,277
540,297
540,370
540,394
540,501
540,700
540,724
540,733
540,744
540,761
540,863
540,936
540,977
540,1019
540,1071
540,1093
540,1123
540,1151
540,1221
540,1227
552,62
552,78
552,133
552,134
552,180
552,357
552,370
552,395
552,501
552,521
552,687
552,761
552,819
552,863
552,953
552,1147
552,1151
552,1227
554,41
554,43
554,220
554,254
554,273
554,362
554,367
554,374
554,387
554,410
554,415
554,439
554,463
554,468
554,494
554,578
554,648
554,741
554,848
554,856
554,946
554,1021
554,1052
554,1084
554,1134
554,1143
556,85
556,88
556,106
556,143
556,166
556,223
556,228
556,259
556,289
556,356
556,366
556,372
556,437
556,438
556,447
556,467
556,477
556,492
556,523
556,531
556,569
556,585
556,595
556,611
556,642
556,680
556,682
556,735
556,847
556,874
556,876
556,900
556,909
556,922
556,1009
556,1049
556,1099
556,1130
556,1162
556,1174
556,1179
559,43
559,68
559,95
559,142
559,220
559,254
559,273
559,298
559,331
559,367
559,374
559,387
559,410
559,415
559,468
559,479
559,494
559,554
559,578
559,695
559,848
559,897
559,946
559,955
559,1021
559,1052
559,1084
559,1134
576,75
576,100
576,149
576,291
576,308
576,643
576,693
576,942
576,989
576,1011
576,1141
578,41
578,43
578,220
578,254
578,273
578,362
578,367
578,374
578,387
578,410
578,415
578,439
578,463
578,468
578,494
578,554
578,635
578,741
578,848
578,856
578,946
578,955
578,1021
578,1052
578,1134
580,62
580,69
580,78
580,151
580,180
580,221
580,225
580,332
580,370
580,394
580,473
580,761
580,863
580,896
580,984
580,1052
580,1089
580,1123
580,1151
580,1227
581,32
581,62
581,78
581,171
581,180
581,225
581,312
581,370
581,394
581,451
581,483
581,501
581,527
581,640
581,761
581,815
581,863
581,867
581,1016
581,1031
581,1123
581,1151
581,1227
585,85
585,88
585,99
585,106
585,143
585,166
585,223
585,228
585,259
585,289
585,372
585,437
585,438
585,447
585,467
585,477
585,492
585,523
585,531
585,556
585,569
585,611
585,629
585,642
585,680
585,682
585,735
585,799
585,847
585,874
585,876
585,900
585,909
585,922
585,1009
585,1049
585,1099
585,1100
585,1174
593,62
593,78
593,139
593,180
593,357
593,394
593,501
593,506
593,528
593,538
593,662
593,761
593,819
593,835
593,863
593,931
593,1052
593,1089
593,1113
593,1123
593,1147
593,1151
593,1155
593,1199
606,62
606,69
606,78
606,134
606,180
606,386
606,394
606,473
606,501
606,506
606,528
606,594
606,683
606,761
606,819
606,863
606,892
606,931
606,1038
606,1052
606,1123
606,1147
606,1151
606,1199
606,1225
611,85
611,88
611,99
611,106
611,143
611,154
611,166
611,174
611,186
611,199
611,240
611,283
611,356
611,366
611,372
611,432
611,434
611,437
611,438
611,447
611,452
611,467
611,477
611,492
611,500
611,515
611,517
611,523
611,531
611,556
611,563
611,585
611,642
611,657
611,735
611,746
611,812
611,847
611,851
611,870
611,920
611,922
611,931
611,1023
611,1032
611,1043
611,1049
611,1086
611,1118
611,1130
611,1162
611,1179
611,1183
638,57
638,89
638,156
638,157
638,233
638,237
638,248
638,269
638,281
638,329
638,347
638,352
638,359
638,460
638,565
638,575
638,579
638,620
638,660
638,670
638,690
638,729
638,807
638,855
638,948
638,1006
638,1052
638,1065
638,1067
638,1074
638,1081
638,1097
638,1135
638,1156
638,1160
641,62
641,78
641,225
641,370
641,394
641,501
641,528
641,598
641,621
641,761
641,863
641,969
641,1003
641,1016
641,1123
641,1149
641,1151
641,1191
641,1227
645,21
645,132
645,156
645,329
645,427
645,430
645,455
645,548
645,566
645,573
645,655
645,667
645,716
645,751
645,837
645,853
645,906
645,976
645,993
645,1002
645,1052
645,1061
645,1063
645,1105
645,1169
645,1223
646,15
646,45
646,61
646,84
646,146
646,164
646,170
646,189
646,284
646,471
646,490
646,502
646,591
646,602
646,604
646,658
646,707
646,785
646,813
646,871
646,1070
646,1112
646,1189
648,6
648,43
648,68
648,95
648,135
648,142
648,220
648,254
648,298
648,361
648,374
648,387
648,410
648,415
648,494
648,554
648,635
648,725
648,748
648,848
648,856
648,872
648,890
648,946
648,1021
648,1058
648,1084
650,15
650,64
650,76
650,84
650,148
650,182
650,189
650,201
650,207
650,208
650,280
650,282
650,296
650,299
650,313
650,323
650,333
650,407
650,591
650,658
650,715
650,718
650,737
650,824
650,881
650,882
650,883
650,910
650,1000
650,1077
650,1219
654,57
654,117
654,136
654,156
654,157
654,237
654,241
654,274
654,329
654,352
654,493
654,522
654,566
654,575
654,628
654,660
654,690
654,691
654,722
654,820
654,832
654,834
654,948
654,1006
654,1030
654,1052
654,1074
654,1103
659,62
659,78
659,180
659,225
659,277
659,370
659,394
659,501
659,540
659,761
659,863
659,936
659,969
659,1052
659,1123
659,1151
659,1227
662,9
662,62
662,78
662,86
662,134
662,137
662,139
662,167
662,180
662,250
662,277
662,357
662,382
662,386
662,394
662,486
662,501
662,506
662,528
662,572
662,731
662,761
662,819
662,863
662,936
662,1088
662,1123
662,1149
662,1151
662,1167
662,1194
662,1199
662,1202
689,6
689,43
689,68
689,95
689,142
689,273
689,361
689,374
689,387
689,410
689,468
689,554
689,578
689,635
689,748
689,765
689,856
689,872
689,946
689,1001
689,1021
689,1058
689,1084
695,41
695,43
695,220
695,254
695,273
695,362
695,367
695,374
695,387
695,410
695,415
695,439
695,463
695,468
695,494
695,554
695,578
695,635
695,741
695,848
695,856
695,946
695,955
695,1021
695,1052
695,1084
695,1134
695,1143
702,31
702,84
702,162
702,172
702,177
702,189
702,255
702,258
702,284
702,333
702,393
702,457
702,465
702,471
702,490
702,502
702,530
702,582
702,591
702,650
702,681
702,718
702,775
702,822
702,866
702,882
702,904
702,921
702,979
702,994
702,1045
702,1070
702,1079
702,1092
702,1112
739,62
739,78
739,213
739,225
739,337
739,370
739,394
739,528
739,538
739,606
739,761
739,863
739,1052
739,1071
739,1089
739,1123
739,1151
739,1227
748,43
748,68
748,95
748,142
748,220
748,273
748,298
748,331
748,367
748,374
748,387
748,410
748,415
748,468
748,479
748,494
748,554
748,578
748,695
748,848
748,890
748,897
748,946
748,955
748,1021
748,1052
748,1084
748,1134
755,62
755,78
755,134
755,171
755,180
755,337
755,357
755,386
755,394
755,462
755,501
755,506
755,521
755,606
755,761
755,819
755,863
755,931
755,1017
755,1052
755,1071
755,1123
755,1145
755,1147
755,1151
755,1184
755,1199
765,43
765,68
765,95
765,142
765,220
765,273
765,298
765,324
765,331
765,367
765,374
765,387
765,410
765,415
765,468
765,479
765,494
765,554
765,578
765,695
765,848
765,897
765,946
765,955
765,1021
765,1052
765,1084
765,1134
771,11
771,264
771,286
771,664
771,666
772,108
772,147
772,156
772,159
772,184
772,235
772,302
772,310
772,339
772,340
772,345
772,355
772,414
772,446
772,482
772,526
772,566
772,626
772,694
772,768
772,806
772,880
772,889
772,894
772,903
772,912
772,932
772,940
772,957
772,961
772,993
772,998
772,999
772,1006
772,1012
772,1052
772,1125
772,1172
772,1187
772,1198
772,1210
797,51
802,26
802,60
802,93
802,122
802,156
802,204
802,423
802,514
802,524
802,566
802,603
802,660
802,668
802,710
802,967
802,993
802,1006
802,1052
802,1085
802,1127
802,1128
803,12
803,37
803,62
803,78
803,134
803,180
803,198
803,266
803,357
803,386
803,394
803,424
803,459
803,491
803,495
803,501
803,506
803,534
803,649
803,661
803,676
803,761
803,819
803,863
803,879
803,996
803,1123
803,1151
803,1199
803,1205
808,15
808,120
808,162
808,229
808,377
808,408
808,465
808,471
808,555
808,591
808,650
808,658
808,697
808,737
808,769
808,785
808,790
808,804
808,881
808,899
808,925
808,1007
808,1070
815,25
815,62
815,78
815,171
815,225
815,312
815,370
815,394
815,483
815,527
815,528
815,606
815,640
815,761
815,863
815,867
815,934
815,1031
815,1052
815,1071
815,1123
815,1129
815,1151
815,1221
815,1227
818,15
818,84
818,158
818,189
818,284
818,305
818,567
818,583
818,591
818,650
818,745
818,881
830,57
830,156
830,157
830,233
830,237
830,244
830,269
830,281
830,329
830,347
830,352
830,359
830,460
830,565
830,575
830,579
830,620
830,660
830,670
830,690
830,728
830,823
830,855
830,947
830,948
830,1006
830,1044
830,1052
830,1074
830,1081
830,1097
830,1156
830,1178
835,2
835,62
835,78
835,134
835,137
835,139
835,180
835,250
835,260
835,357
835,386
835,394
835,501
835,506
835,528
835,532
835,560
835,610
835,761
835,819
835,863
835,931
835,936
835,1052
835,1089
835,1108
835,1123
835,1147
835,1151
835,1167
835,1194
835,1199
840,15
840,20
840,61
840,84
840,164
840,181
840,189
840,284
840,471
840,490
840,502
840,533
840,591
840,658
840,707
840,718
840,785
840,808
840,871
840,992
840,1070
840,1112
840,1189
840,1228
848,43
848,68
848,95
848,142
848,191
848,220
848,273
848,298
848,331
848,367
848,374
848,387
848,410
848,415
848,468
848,479
848,494
848,554
848,578
848,695
848,897
848,946
848,955
848,1021
848,1052
848,1084
848,1134
851,232
851,259
851,321
851,447
851,452
851,467
851,492
851,500
851,531
851,629
851,684
851,799
851,821
851,847
851,1036
851,1049
851,1099
853,54
853,156
853,256
853,302
853,355
853,461
853,482
853,566
853,608
853,772
853,773
853,786
853,880
853,903
853,912
853,913
853,961
853,986
853,999
853,1006
853,1052
853,1172
853,1208
857,25
857,62
857,78
857,134
857,180
857,337
857,357
857,369
857,386
857,394
857,501
857,506
857,521
857,528
857,571
857,641
857,761
857,819
857,863
857,931
857,1052
857,1071
857,1089
857,1123
857,1145
857,1147
857,1151
857,1184
857,1186
857,1199
863,62
863,78
863,134
863,141
863,180
863,369
863,386
863,394
863,501
863,506
863,712
863,734
863,761
863,819
863,965
863,1123
863,1142
863,1145
863,1151
863,1157
863,1199
872,43
872,68
872,95
872,142
872,220
872,273
872,298
872,324
872,331
872,367
872,374
872,387
872,410
872,415
872,468
872,479
872,494
872,554
872,578
872,695
872,848
872,897
872,946
872,955
872,1021
872,1052
872,1084
872,1134
872,1143
888,15
888,33
888,84
888,189
888,327
888,377
888,502
888,555
888,591
888,650
888,658
888,697
888,752
888,769
888,899
888,983
896,62
896,69
896,78
896,151
896,180
896,357
896,394
896,473
896,501
896,506
896,528
896,662
896,761
896,780
896,819
896,863
896,1089
896,1113
896,1123
896,1151
896,1199
897,43
897,68
897,95
897,142
897,209
897,220
897,273
897,298
897,331
897,367
897,374
897,387
897,410
897,415
897,468
897,479
897,494
897,554
897,578
897,588
897,695
897,848
897,946
897,955
897,1021
897,1052
897,1084
897,1134
905,8
905,62
905,78
905,79
905,139
905,180
905,225
905,370
905,394
905,501
905,528
905,538
905,761
905,863
905,865
905,969
905,1040
905,1052
905,1123
905,1124
905,1151
905,1155
905,1227
914,62
914,78
914,180
914,203
914,225
914,370
914,394
914,501
914,528
914,538
914,598
914,761
914,863
914,1052
914,1089
914,1123
914,1151
914,1227
920,40
920,63
920,88
920,99
920,106
920,143
920,154
920,166
920,186
920,199
920,223
920,228
920,232
920,283
920,289
920,294
920,341
920,356
920,366
920,389
920,432
920,437
920,438
920,447
920,467
920,477
920,492
920,500
920,523
920,531
920,556
920,562
920,585
920,611
920,642
920,684
920,709
920,812
920,847
920,851
920,870
920,874
920,909
920,931
920,1009
920,1032
920,1049
920,1099
920,1118
920,1130
920,1162
920,1174
920,1179
920,1183
920,1192
924,57
924,117
924,156
924,157
924,237
924,329
924,343
924,352
924,460
924,566
924,575
924,654
924,660
924,670
924,690
924,722
924,820
924,844
924,948
924,949
924,1006
924,1052
924,1074
924,1152
929,62
929,78
929,171
929,225
929,245
929,312
929,349
929,370
929,394
929,448
929,483
929,501
929,527
929,528
929,538
929,598
929,600
929,640
929,761
929,805
929,815
929,862
929,863
929,867
929,969
929,1031
929,1052
929,1089
929,1123
929,1151
929,1217
929,1221
929,1227
930,9
930,62
930,78
930,81
930,86
930,225
930,270
930,277
930,357
930,370
930,394
930,528
930,540
930,572
930,594
930,700
930,733
930,740
930,761
930,863
930,936
930,1019
930,1033
930,1088
930,1089
930,1123
930,1149
930,1151
930,1215
930,1227
931,40
931,63
931,88
931,99
931,106
931,143
931,154
931,166
931,186
931,199
931,223
931,228
931,232
931,259
931,283
931,289
931,294
931,341
931,356
931,366
931,389
931,432
931,437
931,438
931,447
931,452
931,467
931,477
931,492
931,500
931,517
931,523
931,531
931,556
931,562
931,585
931,611
931,642
931,684
931,709
931,812
931,847
931,851
931,870
931,874
931,909
931,920
931,1009
931,1032
931,1049
931,1099
931,1118
931,1130
931,1162
931,1174
931,1179
931,1183
931,1192
944,62
944,78
944,125
944,203
944,225
944,370
944,394
944,501
944,528
944,538
944,598
944,761
944,863
944,969
944,1052
944,1123
944,1151
944,1227
946,36
946,43
946,68
946,95
946,135
946,142
946,220
946,273
946,298
946,324
946,331
946,367
946,374
946,387
946,410
946,415
946,468
946,479
946,494
946,554
946,578
946,695
946,848
946,897
946,955
946,1021
946,1052
946,1084
946,1134
948,16
948,35
948,49
948,65
948,82
948,128
948,195
948,217
948,222
948,325
948,352
948,360
948,376
948,627
948,788
948,825
948,887
948,926
948,991
948,997
948,1052
948,1138
955,43
955,68
955,95
955,142
955,220
955,273
955,298
955,331
955,367
955,374
955,387
955,410
955,415
955,468
955,479
955,494
955,554
955,578
955,695
955,848
955,897
955,946
955,1021
955,1052
955,1084
955,1134
971,15
971,45
971,84
971,189
971,210
971,284
971,465
971,471
971,485
971,502
971,591
971,658
971,785
971,845
971,871
971,1051
971,1070
996,17
996,62
996,78
996,180
996,225
996,370
996,390
996,394
996,424
996,459
996,484
996,501
996,649
996,761
996,846
996,869
996,895
996,917
996,969
996,1071
996,1123
996,1151
996,1221
996,1227
1003,62
1003,249
1003,528
1003,863
1003,1227
1009,40
1009,63
1009,88
1009,99
1009,106
1009,143
1009,154
1009,166
1009,186
1009,197
1009,199
1009,223
1009,228
1009,232
1009,259
1009,283
1009,289
1009,294
1009,341
1009,356
1009,366
1009,389
1009,432
1009,437
1009,438
1009,447
1009,467
1009,477
1009,492
1009,500
1009,517
1009,523
1009,531
1009,556
1009,562
1009,585
1009,611
1009,642
1009,684
1009,709
1009,812
1009,827
1009,847
1009,851
1009,870
1009,874
1009,909
1009,920
1009,931
1009,1032
1009,1049
1009,1099
1009,1118
1009,1130
1009,1162
1009,1174
1009,1179
1009,1183
1009,1192
1015,72
1015,83
1015,84
1015,118
1015,144
1015,145
1015,158
1015,162
1015,172
1015,177
1015,178
1015,189
1015,210
1015,226
1015,265
1015,275
1015,284
1015,285
1015,315
1015,393
1015,411
1015,444
1015,456
1015,457
1015,465
1015,471
1015,485
1015,502
1015,519
1015,530
1015,549
1015,577
1015,582
1015,590
1015,591
1015,599
1015,650
1015,674
1015,681
1015,711
1015,730
1015,736
1015,745
1015,754
1015,790
1015,808
1015,822
1015,845
1015,866
1015,882
1015,907
1015,915
1015,919
1015,921
1015,978
1015,979
1015,1045
1015,1051
1015,1070
1015,1072
1015,1079
1015,1087
1015,1092
1015,1126
1015,1144
1015,1173
1015,1182
1019,62
1019,78
1019,81
1019,225
1019,370
1019,394
1019,483
1019,501
1019,647
1019,669
1019,761
1019,863
1019,968
1019,969
1019,988
1019,1029
1019,1123
1019,1151
1019,1195
1019,1220
1019,1227
1026,18
1026,24
1026,29
1026,30
1026,53
1026,129
1026,130
1026,338
1026,392
1026,413
1026,442
1026,467
1026,475
1026,503
1026,504
1026,512
1026,541
1026,633
1026,644
1026,708
1026,723
1026,726
1026,800
1026,811
1026,860
1026,902
1026,916
1026,927
1026,1018
1026,1047
1026,1050
1026,1062
1026,1082
1026,1109
1026,1111
1026,1132
1026,1154
1026,1158
1026,1170
1026,1175
1026,1190
1026,1197
1026,1211
1026,1214
1052,57
1052,98
1052,117
1052,156
1052,157
1052,165
1052,219
1052,320
1052,329
1052,352
1052,365
1052,422
1052,474
1052,480
1052,553
1052,566
1052,575
1052,638
1052,645
1052,654
1052,660
1052,690
1052,722
1052,770
1052,772
1052,802
1052,820
1052,830
1052,853
1052,924
1052,948
1052,1048
1052,1074
1058,4
1058,6
1058,41
1058,43
1058,68
1058,95
1058,135
1058,142
1058,220
1058,273
1058,298
1058,374
1058,387
1058,410
1058,415
1058,439
1058,468
1058,497
1058,554
1058,578
1058,635
1058,725
1058,748
1058,848
1058,856
1058,872
1058,946
1058,1021
1058,1052
1058,1084
1071,25
1071,44
1071,62
1071,78
1071,134
1071,180
1071,277
1071,278
1071,308
1071,364
1071,386
1071,394
1071,496
1071,501
1071,506
1071,761
1071,796
1071,819
1071,863
1071,936
1071,938
1071,1052
1071,1089
1071,1093
1071,1123
1071,1147
1071,1151
1071,1184
1071,1194
1071,1199
1074,57
1074,156
1074,157
1074,200
1074,269
1074,281
1074,329
1074,347
1074,352
1074,359
1074,460
1074,487
1074,565
1074,575
1074,579
1074,660
1074,685
1074,690
1074,777
1074,855
1074,948
1074,956
1074,1006
1074,1052
1074,1081
1074,1097
1074,1104
1074,1156
1078,15
1078,120
1078,162
1078,229
1078,377
1078,408
1078,471
1078,555
1078,591
1078,650
1078,658
1078,697
1078,737
1078,769
1078,785
1078,804
1078,881
1078,899
1078,925
1078,1007
1078,1070
1084,43
1084,68
1084,95
1084,142
1084,220
1084,273
1084,298
1084,331
1084,367
1084,374
1084,387
1084,410
1084,415
1084,468
1084,479
1084,494
1084,554
1084,578
1084,848
1084,897
1084,946
1084,955
1084,1021
1084,1052
1084,1134
1113,62
1113,78
1113,203
1113,225
1113,370
1113,394
1113,501
1113,538
1113,761
1113,863
1113,1052
1113,1123
1113,1151
1113,1227
1118,40
1118,63
1118,88
1118,99
1118,106
1118,143
1118,154
1118,166
1118,186
1118,193
1118,197
1118,199
1118,223
1118,228
1118,232
1118,259
1118,283
1118,289
1118,294
1118,341
1118,356
1118,366
1118,389
1118,432
1118,437
1118,438
1118,447
1118,467
1118,477
1118,492
1118,500
1118,517
1118,523
1118,531
1118,556
1118,562
1118,585
1118,611
1118,642
1118,684
1118,709
1118,812
1118,827
1118,847
1118,851
1118,870
1118,874
1118,909
1118,920
1118,931
1118,1009
1118,1032
1118,1049
1118,1099
1118,1130
1118,1162
1118,1174
1118,1179
1118,1183
1118,1192
1121,7
1121,288
1121,542
1121,760
1121,1068
1121,1102
1121,1200
1131,62
1131,78
1131,134
1131,180
1131,187
1131,357
1131,378
1131,394
1131,453
1131,454
1131,506
1131,641
1131,686
1131,698
1131,706
1131,761
1131,819
1131,863
1131,1037
1131,1053
1131,1091
1131,1095
1131,1145
1131,1151
1131,1165
1131,1184
1131,1221
1131,1227
1134,6
1134,68
1134,95
1134,142
1134,298
1134,361
1134,374
1134,387
1134,410
1134,421
1134,468
1134,554
1134,635
1134,725
1134,748
1134,856
1134,872
1134,1021
1134,1058
1134,1084
1139,43
1139,68
1139,95
1139,142
1139,220
1139,273
1139,298
1139,324
1139,331
1139,367
1139,374
1139,387
1139,410
1139,415
1139,468
1139,479
1139,494
1139,554
1139,578
1139,695
1139,848
1139,897
1139,946
1139,955
1139,1021
1139,1052
1139,1084
1139,1134
1143,41
1143,43
1143,220
1143,254
1143,273
1143,362
1143,367
1143,374
1143,387
1143,410
1143,415
1143,439
1143,463
1143,468
1143,494
1143,554
1143,578
1143,635
1143,741
1143,848
1143,856
1143,946
1143,1021
1143,1052
1143,1084
1143,1134
1150,62
1150,78
1150,180
1150,357
1150,394
1150,501
1150,506
1150,528
1150,538
1150,596
1150,662
1150,761
1150,819
1150,863
1150,931
1150,1052
1150,1089
1150,1113
1150,1123
1150,1147
1150,1151
1150,1199
1157,62
1157,78
1157,180
1157,225
1157,369
1157,370
1157,394
1157,501
1157,538
1157,594
1157,683
1157,727
1157,761
1157,863
1157,969
1157,1052
1157,1123
1157,1151
1157,1186
1157,1227
1163,6
1163,43
1163,68
1163,95
1163,142
1163,220
1163,273
1163,298
1163,324
1163,361
1163,374
1163,387
1163,410
1163,415
1163,494
1163,554
1163,578
1163,635
1163,725
1163,848
1163,872
1163,946
1163,955
1163,1021
1163,1025
1163,1084
1163,1134
1163,1201
1166,11
1166,261
1166,664
1166,666
1166,771
1174,40
1174,63
1174,73
1174,85
1174,88
1174,97
1174,99
1174,143
1174,154
1174,174
1174,186
1174,197
1174,199
1174,223
1174,228
1174,283
1174,289
1174,341
1174,356
1174,366
1174,372
1174,434
1174,437
1174,447
1174,452
1174,467
1174,477
1174,492
1174,500
1174,515
1174,517
1174,523
1174,556
1174,574
1174,585
1174,611
1174,642
1174,680
1174,684
1174,709
1174,799
1174,812
1174,847
1174,874
1174,876
1174,900
1174,909
1174,920
1174,931
1174,1023
1174,1032
1174,1049
1174,1099
1174,1118
1174,1130
1174,1179
1174,1213
1183,40
1183,63
1183,88
1183,106
1183,166
1183,186
1183,199
1183,223
1183,232
1183,259
1183,283
1183,289
1183,356
1183,366
1183,389
1183,432
1183,437
1183,438
1183,447
1183,452
1183,467
1183,477
1183,492
1183,500
1183,556
1183,562
1183,585
1183,630
1183,642
1183,709
1183,847
1183,851
1183,870
1183,874
1183,909
1183,920
1183,931
1183,1009
1183,1032
1183,1049
1183,1099
1183,1130
1183,1162
1183,1174
1188,31
1188,84
1188,162
1188,189
1188,239
1188,255
1188,284
1188,322
1188,333
1188,393
1188,443
1188,471
1188,490
1188,502
1188,591
1188,650
1188,750
1188,775
1188,904
1188,937
1188,1027
1188,1070
1199,10
1199,50
1199,59
1199,62
1199,78
1199,140
1199,180
1199,194
1199,214
1199,336
1199,337
1199,354
1199,357
1199,386
1199,394
1199,462
1199,501
1199,506
1199,521
1199,528
1199,739
1199,749
1199,761
1199,793
1199,819
1199,863
1199,914
1199,931
1199,944
1199,1004
1199,1052
1199,1056
1199,1071
1199,1113
1199,1123
1199,1145
1199,1147
1199,1151
1199,1184
1199,1221
1199,1227
1227,34
1227,62
1227,78
1227,92
1227,115
1227,133
1227,225
1227,370
1227,394
1227,395
1227,416
1227,501
1227,538
1227,552
1227,687
1227,761
1227,781
1227,863
1227,953
1227,969
1227,1024
1227,1052
1227,1123
1227,1151
