1,8
1,11
1,168
1,227
1,253
1,264
1,307
2,9
2,10
2,13
2,14
3,6
3,219
3,223
3,235
3,296
3,336
4,40
4,136
4,217
4,265
4,287
4,300
4,344
4,351
4,363
4,454
4,457
5,7
5,12
5,15
5,46
5,187
5,191
5,244
5,306
5,436
5,444
6,26
6,219
6,223
6,235
6,296
6,336
6,448
7,46
7,124
7,143
7,187
7,191
7,256
7,258
7,380
7,398
7,436
7,444
7,449
7,459
7,468
11,168
11,199
11,264
11,307
11,414
12,46
12,60
12,187
12,191
12,244
12,380
12,398
12,436
12,444
12,459
12,468
13,162
13,469
27,59
27,86
27,107
27,180
27,195
27,239
27,271
27,292
27,305
27,312
27,364
27,370
27,397
27,409
27,437
27,446
27,447
27,462
27,465
31,140
31,183
31,188
31,225
31,238
31,245
31,334
31,338
31,342
31,358
31,360
31,368
31,379
31,382
31,432
31,433
31,453
34,65
34,207
34,232
34,276
34,407
34,466
37,61
37,122
37,134
37,148
37,185
37,212
37,282
37,348
38,25
38,56
38,61
38,85
38,88
38,104
38,122
38,133
38,154
38,174
38,203
38,261
38,282
38,284
38,303
38,314
38,404
38,412
43,24
43,35
43,70
43,92
43,96
43,109
43,167
43,369
47,126
47,192
47,202
47,267
47,372
56,61
56,68
56,85
56,122
56,133
56,141
56,145
56,174
56,282
56,303
56,343
56,381
56,404
58,55
58,61
58,79
58,81
58,122
58,148
58,156
58,164
58,184
58,193
58,216
58,229
58,247
58,266
58,278
58,282
58,353
60,46
60,124
60,143
60,187
60,256
60,258
60,380
60,436
60,444
60,459
60,468
70,22
70,35
70,43
70,92
70,96
70,109
70,137
70,167
70,422
72,65
72,207
72,232
72,389
72,407
72,466
81,61
81,104
81,122
81,159
81,164
81,178
81,216
81,234
81,278
81,288
81,320
81,337
81,353
84,60
84,191
84,256
84,258
84,306
84,398
84,436
84,444
84,468
85,61
85,122
85,141
85,148
85,181
85,282
85,404
94,43
94,44
94,96
94,204
94,273
94,277
94,327
94,386
95,61
95,104
95,122
95,154
95,282
95,325
95,326
95,412
96,21
96,22
96,24
103,18
103,25
103,55
103,61
103,81
103,122
103,164
103,178
103,184
103,216
103,278
103,320
103,381
106,73
106,108
106,139
106,188
106,205
106,237
106,260
106,286
106,295
106,318
106,354
106,373
106,376
106,388
106,433
109,21
109,24
109,70
109,92
109,96
109,167
113,264
115,61
115,104
115,122
115,134
115,185
115,212
115,325
115,348
119,114
119,116
119,166
119,307
119,323
119,350
119,390
119,463
124,30
124,332
130,36
130,54
130,61
130,104
130,122
130,233
130,249
131,66
131,80
131,87
131,97
131,117
131,215
131,281
131,431
134,61
134,104
134,122
134,148
134,282
134,325
134,326
141,61
141,122
141,128
141,135
141,147
141,181
141,282
141,311
141,317
141,404
141,410
141,428
143,33
143,424
148,61
148,104
148,122
148,130
148,249
148,381
152,43
152,44
152,94
152,96
152,204
152,273
152,277
152,327
152,386
162,69
162,120
162,138
162,197
162,228
162,240
162,242
162,257
162,262
162,272
162,298
162,335
162,346
162,384
162,400
162,405
174,48
174,61
174,104
174,118
174,122
174,133
174,141
174,198
174,343
174,404
176,61
176,104
176,122
176,134
176,148
176,185
176,212
176,282
176,348
179,61
179,104
179,122
179,148
179,160
179,282
179,326
179,348
179,412
182,50
182,61
182,122
182,134
182,148
182,185
182,212
182,282
182,348
184,55
184,58
184,61
184,81
184,122
184,148
184,164
184,193
184,216
184,278
184,282
185,61
185,104
185,122
185,212
185,325
185,348
186,61
186,122
186,134
186,148
186,185
186,212
186,282
192,47
192,90
192,189
192,202
192,349
192,372
192,399
199,32
199,52
199,129
199,158
199,196
199,241
199,270
199,290
199,302
199,322
199,324
199,401
199,417
199,464
202,47
202,126
202,189
202,372
202,399
202,445
204,44
204,94
204,96
204,152
204,277
204,327
204,386
204,439
212,61
212,104
212,122
212,185
212,325
212,348
219,301
221,226
221,246
221,291
221,385
221,408
221,420
222,57
222,62
222,93
222,100
222,127
222,146
222,161
222,218
222,230
222,289
222,355
222,362
222,378
222,406
222,433
222,452
223,27
223,131
223,201
223,219
223,235
223,296
223,336
224,61
224,122
224,134
224,148
224,185
224,212
224,282
224,285
227,31
227,106
227,222
227,396
227,433
235,34
235,72
235,330
236,61
236,104
236,122
236,154
236,282
236,325
236,326
236,412
249,61
249,122
249,148
249,171
249,282
253,63
253,259
253,433
254,37
254,61
254,104
254,122
254,134
254,148
254,185
254,212
254,282
258,46
258,60
258,89
258,143
258,187
258,256
258,380
258,436
258,444
258,459
258,468
259,19
259,153
259,172
259,253
259,406
259,433
261,16
261,49
261,51
261,61
261,88
261,102
261,104
261,122
261,123
261,150
261,151
261,165
261,175
261,208
261,214
261,231
261,250
261,275
261,310
261,313
261,374
261,375
261,391
261,460
264,105
264,113
264,157
264,221
264,291
264,341
264,345
264,367
264,383
264,385
264,392
264,408
264,419
265,40
265,287
265,363
265,413
265,454
265,457
273,43
273,44
273,94
273,96
273,152
273,204
273,321
273,331
274,61
274,104
274,122
274,130
274,148
274,160
274,185
274,212
274,315
274,325
274,348
274,381
277,43
277,44
277,94
277,96
277,204
277,273
277,327
277,386
283,61
283,122
283,154
283,160
283,212
283,236
283,315
283,325
283,326
283,348
283,381
283,415
284,48
284,61
284,104
284,118
284,122
284,133
284,141
284,174
284,198
284,209
284,268
284,343
284,404
284,425
285,61
285,122
285,134
285,148
285,185
285,194
285,212
285,224
285,282
285,299
285,359
285,426
293,61
293,104
293,122
293,134
293,185
293,212
293,297
293,325
293,348
293,451
297,61
297,104
297,122
297,185
297,212
297,299
297,325
297,348
299,61
299,104
299,122
299,185
299,212
299,297
299,325
299,348
300,40
300,71
300,265
300,279
300,287
300,363
300,411
300,413
300,421
300,435
300,454
303,61
303,122
303,141
303,148
303,174
303,282
303,404
306,46
306,60
306,84
306,187
306,191
306,244
306,380
306,398
306,436
306,444
306,459
306,468
307,114
307,116
307,119
307,121
307,166
307,323
307,350
307,463
315,61
315,160
315,212
315,282
315,325
315,348
315,381
315,415
321,44
321,94
321,96
321,152
321,277
321,327
321,331
321,439
323,114
323,116
323,166
323,307
323,309
323,350
323,390
323,394
323,395
325,61
325,104
325,122
325,134
325,148
325,185
325,212
325,282
326,61
326,104
326,122
326,185
326,212
326,325
326,348
327,44
327,94
327,96
327,152
327,204
327,277
327,331
327,386
327,439
344,40
344,265
344,287
344,300
344,363
344,413
344,454
344,457
345,105
345,291
348,61
348,122
348,134
348,141
348,142
348,185
348,212
348,216
348,251
348,274
348,282
348,416
348,440
351,40
351,136
351,265
351,279
351,287
351,411
351,413
351,435
351,454
363,40
363,136
363,217
363,265
363,287
363,300
363,344
363,351
363,454
363,457
369,21
369,22
369,24
369,43
369,70
369,92
369,96
369,109
371,61
371,122
371,154
371,160
371,212
371,315
371,325
371,326
371,348
371,381
371,415
380,46
380,60
380,84
380,187
380,191
380,244
380,398
380,436
380,444
380,459
380,468
381,61
381,104
381,122
381,249
386,35
386,43
386,44
386,94
386,96
386,152
386,204
386,321
386,331
396,63
396,200
396,227
396,253
396,259
396,433
399,189
399,202
399,372
412,38
412,50
412,61
412,75
412,78
412,88
412,95
412,104
412,112
412,115
412,122
412,125
412,155
412,176
412,179
412,182
412,185
412,186
412,212
412,213
412,220
412,224
412,254
412,280
412,283
412,293
412,297
412,299
412,325
412,329
412,371
412,426
412,434
412,450
412,451
412,455
412,456
412,458
413,40
413,279
413,287
413,363
413,411
413,435
413,454
414,17
414,28
414,29
414,41
414,45
414,64
414,76
414,149
414,170
414,173
414,190
414,243
414,255
414,263
414,269
414,316
414,319
414,328
414,356
414,361
414,377
414,401
414,423
414,441
414,442
416,61
416,104
416,122
416,185
416,212
416,325
416,348
421,40
421,265
421,287
421,300
421,363
421,413
421,454
421,457
426,61
426,122
426,154
426,160
426,212
426,315
426,325
426,326
426,348
426,381
426,415
439,44
439,94
439,96
439,152
439,277
439,327
439,331
440,61
440,122
440,134
440,148
440,185
440,212
440,282
443,18
443,55
443,61
443,81
443,122
443,148
443,164
443,184
443,193
443,216
443,278
443,282
443,429
448,53
448,74
448,77
448,99
448,347
448,366
448,387
448,467
450,61
450,104
450,122
450,154
450,185
450,212
450,325
450,348
454,40
454,265
454,287
454,300
454,363
454,413
454,457
456,61
456,104
456,122
456,185
456,212
456,325
456,348
458,18
458,55
458,58
458,61
458,81
458,103
458,122
458,164
458,184
458,193
458,216
458,278
458,282
458,429
458,443
463,114
463,116
463,166
463,307
463,323
463,350
463,390
468,20
468,23
468,39
468,42
468,67
468,82
468,83
468,91
468,98
468,101
468,110
468,111
468,132
468,144
468,163
468,169
468,177
468,206
468,210
468,211
468,248
468,252
468,294
468,304
468,308
468,333
468,339
468,340
468,352
468,357
468,365
468,393
468,402
468,403
468,418
468,427
468,430
468,438
468,461
