         1          1       2076
         1          1       4785
         1          1       5793
         1          1       6338
         1          1       9484
         2          2       2076
         2          2       2564
         2          2       5793
         2          2       6395
         2          2       9484
         2          2       9994
         3          3       5793
         3          3       9484
         4          4       2076
         4          4       2564
         4          4       5793
         4          4       6395
         4          4       9994
         5          5       2076
         5          5       9484
         6          6       2564
         6          6       5793
         6          6       6395
         6          6       9994
         7          7       2076
         7          7       2564
         7          7       5793
         7          7       6395
         7          7       9484
         7          7       9994
         8          8       2076
         8          8       2564
         8          8       5016
         8          8       5793
         8          8       6395
         8          8       9484
         8          8       9994
         9          9       2076
         9          9       2564
         9          9       5793
         9          9       6395
         9          9       9484
         9          9       9994
        10         10       2076
        10         10       2564
        10         10       9484
        10         10       9994